; index  at_type  VdW_radius (AA)    charge
     1    A101     2.01719           1.09000
     2    A102     2.04374          -0.09000
     3    A103     1.98450           0.00000
     4    A104     1.94633           0.09000
     5    A105     1.89857          -0.09000
     6    A106     1.49091           0.00000
     7    A107     1.20651          -0.16000
     8    A108     1.41814           0.16000
     9    A109     1.78180           0.51000
    10    A110     1.51453          -0.51000
    11    A111     1.24684          -0.07000
    12    A112     1.66185          -0.11000
    13    A113     1.78180           0.51000
    14    A114     1.43145          -0.42000
    15    A115     1.33719          -0.07000
    16    A116     1.42286           0.16000
    17    A117     1.78180           0.51000
    18    A118     1.45623          -0.42000
    19    A119     0.49945          -0.16000
    20    A120     0.77417           0.16000
    21    A121     1.78180           0.51000
    22    A122     1.51453          -0.51000
    23    A123     1.87391          -0.48000
    24    A124     1.43803           0.16000
    25    A125     1.78180           0.51000
    26    A126     1.31618          -0.33000
    27    A127     0.50264          -0.16000
    28    A128     1.90448          -0.20000
    29    A129     1.89933           0.53000
    30    A130     1.51453          -0.51000
    31    A131     0.77977           0.16000
    32    A132     1.21704          -0.16000
    33    A133     1.73240           0.30000
    34    A134     1.78180           0.51000
    35    A135     1.51453          -0.51000
    36    A136     0.50002          -0.16000
    37    A137     1.43035           0.16000
    38    A138     1.78180           0.51000
    39    A139     1.51453          -0.51000
    40    A140     1.23011          -0.07000
    41    A141     2.07410          -0.11000
    42    A142     1.50678           0.13000
    43    A143     1.33292          -0.08000
    44    A144     1.82797           0.47000
    45    A145     1.53585          -0.07000
    46    A146     2.02280           0.07000
    47    A147     0.86541           0.35000
    48    A148     1.80567          -0.39500
    49    A149     1.75530           0.16000
    50    A150     1.80045           0.00000
    51    A151     2.26151           0.11500
    52    A152     2.18297          -0.02500
    53    A153     1.75614           0.00000
    54    A154     2.63683           0.34000
    55    A155     2.09351           0.00000
    56    A156     1.95581          -1.00000
    57    A157     2.36439           0.31500
    58    A158     1.46420           0.00000
    59    A159     2.31325          -0.54000
    60    A160     3.02132           0.00000
    61    A161     2.29142          -0.20000
    62    A162     2.07210          -0.11500
    63    A163     1.20662          -0.16000
    64    A164     1.92988           0.00500
    65    A165     1.35369           0.60000
    66    A166     1.51453          -0.51000
    67    A167     1.14944          -0.07000
    68    A168     1.97548          -0.26500
    69    A169     1.78180           0.51000
    70    A170     2.39786          -0.81000
    71    A171     2.81094           0.10500
    72    A172     1.69833           0.22500
    73    A173     2.13798           0.39500
    74    A174     1.34956          -0.42000
    75    A175     1.60797          -0.16000
    76    A176     1.89264           0.16000
    77    A177     0.65930           0.04000
    78    A178     1.52204          -0.08500
    79    A179     2.07851          -0.46000
    80    A180     2.32774           0.66500
    81    A181     2.74840           0.43000
    82    A182     1.77530          -0.27000
    83    A183     1.51452           0.00000
    84    A184     2.74061           1.00000
    85    A185     2.21281          -0.46000
    86    A186     1.74056          -0.09000
    87    A187     1.61790          -0.07000
    88    A188     2.38348           0.22000
    89    A189     1.81249           0.62500
    90    A190     2.49896          -0.01000
    91    A191     2.06913          -0.16000
    92    A192     2.42234           0.23000
    93    A193     1.46606           0.60000
    94    A194     1.51453          -0.51000
    95    A195     1.29873          -0.07000
    96    A196     2.11807           0.07000
    97    A197     1.78180           0.51000
    98    A198     2.13121          -0.33000
    99    NH1      1.64816          -0.47000
   100    H        0.20001           0.31000
   101    CT1      2.02679           0.07000
   102    HB       1.17599           0.09000
   103    CT1      2.02679          -0.09000
   104    HA       1.17599           0.09000
   105    CT3      1.83525          -0.27000
   106    HA       1.17599           0.09000
   107    HA       1.17599           0.09000
   108    HA       1.17599           0.09000
   109    CT2      1.93770          -0.18000
   110    HA       1.17599           0.09000
   111    HA       1.17599           0.09000
   112    CT3      1.83525          -0.27000
   113    HA       1.17599           0.09000
   114    HA       1.17599           0.09000
   115    HA       1.17599           0.09000
   116    C        1.78180           0.51000
   117    O        1.51453          -0.51000
   118    NH1      1.64816          -0.47000
   119    H        0.20001           0.31000
   120    CT1      2.02679           0.07000
   121    HB       1.17599           0.09000
   122    CT2      1.93770          -0.18000
   123    HA       1.17599           0.09000
   124    HA       1.17599           0.09000
   125    CA       1.77503           0.00000
   126    CA       1.77503          -0.11500
   127    HP       1.21002           0.11500
   128    CA       1.77503          -0.11500
   129    HP       1.21002           0.11500
   130    CA       1.77503           0.11000
   131    OH1      1.57689          -0.54000
   132    H        0.20001           0.43000
   133    CA       1.77503          -0.11500
   134    HP       1.21002           0.11500
   135    CA       1.77503          -0.11500
   136    HP       1.21002           0.11500
   137    C        1.78180           0.51000
   138    O        1.51453          -0.51000
   139    NH1      1.64816          -0.47000
   140    H        0.20001           0.31000
   141    CT1      2.02679           0.07000
   142    HB       1.17599           0.09000
   143    CT2      1.93770          -0.28000
   144    HA       1.17599           0.09000
   145    HA       1.17599           0.09000
   146    CC       1.78180           0.62000
   147    OC       1.51453          -0.76000
   148    OC       1.51453          -0.76000
   149    C        1.78180           0.51000
   150    O        1.51453          -0.51000
   151    NH1      1.64816          -0.47000
   152    H        0.20001           0.31000
   153    CT1      2.02679           0.07000
   154    HB       1.17599           0.09000
   155    CT1      2.02679          -0.09000
   156    HA       1.17599           0.09000
   157    CT3      1.83525          -0.27000
   158    HA       1.17599           0.09000
   159    HA       1.17599           0.09000
   160    HA       1.17599           0.09000
   161    CT3      1.83525          -0.27000
   162    HA       1.17599           0.09000
   163    HA       1.17599           0.09000
   164    HA       1.17599           0.09000
   165    C        1.78180           0.51000
   166    O        1.51453          -0.51000
   167    A199     0.49902          -0.16000
   168    A200     1.59782          -0.84000
   169    A201     1.78180           0.51000
   170    A202     1.51453          -0.51000
   171    A203     0.49764          -0.16000
   172    A204     1.86564           0.16000
   173    A205     1.78180           0.51000
   174    A206     1.51453          -0.51000
   175    A207     0.49872          -0.16000
   176    A208     2.01156           0.19000
   177    A209     1.38000           0.60000
   178    A210     1.51453          -0.51000
   179    A211     1.33290          -0.20000
   180    A212     2.06813           0.31500
   181    A213     0.86470           0.35000
   182    A214     1.65735          -0.42000
   183    A215     1.75583           0.16000
   184    A216     1.46965           0.00000
   185    A217     2.02770           0.00000
   186    A218     1.88601           0.00000
   187    A219     2.15058           0.00000
   188    A220     2.18063           0.38000
   189    A221     2.67182           0.00000
   190    A222     1.81375           0.00000
   191    A223     1.42218           0.00000
   192    A224     1.87134           0.00000
   193    A225     2.62765           1.00000
   194    A226     1.86299           0.00000
   195    A227     1.92786           0.32000
   196    A228     2.02858          -0.30000
   197    A229     1.92055           0.00000
   198    A230     1.69128           0.00000
   199    A231     1.72333           0.00000
   200    A232     2.26902           0.22000
   201    A233     2.68724          -0.06000
   202    A234     1.78180           0.51000
   203    A235     1.94247          -0.33000
   204    A236     2.10972           0.39000
   205    A237     1.55513          -0.45000
   206    A238     1.78180           0.51000
   207    A239     2.60712           0.13000
   208    A240     1.30058          -0.07000
   209    A241     1.87367          -0.29000
   210    A242     1.35415           0.60000
   211    A243     1.51453          -0.51000
   212    A244     1.80134           0.02000
   213    A245     1.46130           0.16000
   214    A246     1.78180           0.51000
   215    A247     1.51453          -0.51000
   216    A248     0.49571          -0.16000
   217    A249     0.77300           0.16000
   218    A250     1.78180           0.51000
   219    A251     1.45486          -0.42000
   220    A252     1.06114          -0.07000
   221    A253     2.00259           0.16000
   222    A254     1.78180           0.51000
   223    A255     1.51453          -0.51000
   224    A256     0.49985          -0.16000
   225    A257     1.86318          -0.02000
   226    A258     1.78180           0.51000
   227    A259     2.33063          -0.19000
   228    A260     0.50065          -0.16000
   229    A261     2.39458           0.45500
   230    A262     1.78180           0.51000
   231    A263     1.51453          -0.51000
   232    A264     1.92614           0.23000
   233    A265     1.89495          -0.61000
   234    A266     1.78180           0.51000
   235    A267     1.51453          -0.51000
   236    A268     0.49538          -0.16000
   237    A269     1.57333          -0.84000
   238    A270     1.78180           0.51000
   239    A271     1.51453          -0.51000
   240    A272     1.52254          -0.07000
   241    A273     2.10966          -0.84000
   242    A274     1.78180           0.51000
   243    A275     2.33691           0.00000
   244    A276     0.49882          -0.16000
   245    A277     1.22966           0.16000
   246    A278     0.87464           0.35000
   247    A279     1.60141          -0.39500
   248    A280     2.12020          -0.84000
   249    A281     1.66974          -0.27500
   250    A282     1.86912           0.04500
   251    A283     0.67972           0.04000
   252    A284     1.22563          -0.83000
   253    A285     1.82182           0.04500
   254    A286     2.42673          -0.10000
   255    A287     2.92468          -0.19500
   256    A288     1.75468          -0.43000
   257    A289     2.60196           0.11000
   258    A290     2.00101           0.00000
   259    A291     1.87225           0.00000
   260    A292     1.84338           0.00000
   261    A293     1.86365           0.00000
   262    A294     2.74656          -0.11500
   263    A295     2.30450           0.00000
   264    A296     2.28044           0.11500
   265    A297     1.99512          -0.09000
   266    A298     2.48735          -0.34500
   267    A299     1.46576           0.00000
   268    A300     1.77233           0.00000
   269    A301     2.57025          -0.11500
   270    A302     1.77676           0.16000
   271    A303     1.55147           0.07000
   272    A304     1.46427           0.60000
   273    A305     1.51453          -0.51000
   274    A306     0.49935          -0.16000
   275    A307     2.19146           0.74000
   276    A308     1.78180           0.51000
   277    A309     1.51453          -0.51000
   278    A310     1.11437          -0.07000
   279    A311     1.67708          -0.02000
   280    A312     1.47018           0.60000
   281    A313     1.51453          -0.51000
   282    NH1      1.64816          -0.47000
   283    H        0.20001           0.31000
   284    CT1      2.02679           0.07000
   285    HB       1.17599           0.09000
   286    CT1      2.02679           0.14000
   287    HA       1.17599           0.09000
   288    OH1      1.57689          -0.66000
   289    H        0.20001           0.43000
   290    CT3      1.83525          -0.27000
   291    HA       1.17599           0.09000
   292    HA       1.17599           0.09000
   293    HA       1.17599           0.09000
   294    C        1.78180           0.51000
   295    O        1.51453          -0.51000
   296    NH1      1.64816          -0.47000
   297    H        0.20001           0.31000
   298    CT1      2.02679           0.07000
   299    HB       1.17599           0.09000
   300    CT1      2.02679          -0.09000
   301    HA       1.17599           0.09000
   302    CT3      1.83525          -0.27000
   303    HA       1.17599           0.09000
   304    HA       1.17599           0.09000
   305    HA       1.17599           0.09000
   306    CT3      1.83525          -0.27000
   307    HA       1.17599           0.09000
   308    HA       1.17599           0.09000
   309    HA       1.17599           0.09000
   310    C        1.78180           0.51000
   311    O        1.51453          -0.51000
   312    A314     1.43990          -0.07000
   313    A315     1.98810           0.07000
   314    A316     0.95212          -1.00000
